24.93 1
1.38 4294
1.39 89
24.95 7
24.96 2
45.36 1
24.98 7
4.0 33739
24.99 9
4.1 2622
4.2 10742
4.3 2504
4.4 2300
4.5 2239
4.6 64
4.7 9201
4.8 2055
4.9 50
52.0 6
52.3 1
100.88 1
14.41 11
14.42 4
14.43 4
14.44 12
14.45 117
14.46 147
14.47 3
14.48 83
14.49 35
1.41 169
1.42 621
1.43 3626
1.44 107
80.16 4
1.45 222
1.46 163
45.41 1
1.47 11688
1.48 4000
1.49 161
130.0 2
14.51 6
14.52 6
14.53 61
14.54 3
14.55 57
14.56 150
14.57 9
91.0 2
14.58 61
14.59 1
80.22 1
1.51 175
1.52 89
80.24 1
1.53 3328
1.54 7999
1.55 4767
1.56 158
1.57 173
1.58 4896
1.59 119
45.58 2
109.0 1
90.84 1
14.61 5
222.0 3
35.01 2
14.62 3
14.63 7
35.03 1
14.64 38
35.04 1
14.65 77
35.05 1
14.66 162
35.06 1
14.68 89
35.08 3
18.0 233
18.1 19
18.2 37
18.3 30
18.4 547
18.5 22
18.6 19
18.7 25
18.8 31
1.61 7
18.9 13
1.62 11463
1.63 2657
1.64 29
1.65 384
1.66 683
1.67 1114
1.68 2396
1.69 101
14.71 6
14.72 4
14.73 823
14.74 2
14.75 47
35.15 1
14.76 103
14.77 1
35.16 4
14.78 44
14.79 24
35.18 1
35.19 1
1.71 16
1.72 447
1.73 2328
80.44 1
1.74 59
1.75 36258
1.76 74665
1.77 10628
45.72 2
1.78 2316
1.79 195
45.75 1
9.0 2466
9.1 588
76.76 1
9.2 653
9.3 156
14.81 3
9.4 156
14.82 39
9.5 216
14.83 70
9.6 656
14.84 1
9.7 566
14.85 60
9.8 224
14.86 137
9.9 145
35.25 3
35.26 2
14.87 3
14.88 59
14.89 2
35.28 1
57.0 4
57.2 2
57.3 1
1.81 120
57.5 1
1.82 43
1.83 1694
57.7 1
1.84 7258
57.8 1
1.85 39505
111.11 1
1.86 82853
1.87 17
353.5 1
1.88 2320
1.89 136
45.84 1
66.25 1
45.88 1
70.05 2
14.91 6
35.31 1
76.89 1
14.92 6
14.93 5
14.94 25
14.95 574
14.96 86
35.35 1
35.36 1
14.97 4
14.98 110
14.99 5
35.38 3
35.39 1
1.91 11
1.92 9718
1.93 1460
1.94 906
1.95 37187
1.96 87944
1.97 117
1.98 1324
1.99 237
8.01 55
8.02 32
45.96 1
8.03 6
8.04 501
8.05 1477
45.99 1
8.06 977
8.07 118
8.08 2766
8.09 33
70.15 2
35.43 1
35.45 1
35.48 1
66.42 2
8.11 61
8.12 35
66.45 1
8.13 5
8.14 4
8.15 1662
8.16 987
8.17 1
8.18 1969
8.19 471
44.0 10
44.7 1
44.8 1
44.9 1
35.51 1
35.55 1
35.56 1
8.21 17
8.22 31
8.23 203
138.68 1
8.24 26
8.25 1204
122.0 1
8.26 917
8.27 9
8.28 2025
8.29 11
266.6 1
83.0 1
70.33 1
35.61 1
35.62 1
35.67 1
25.01 1
138.74 1
8.31 36
25.02 6
25.03 2
8.32 534
8.33 9
25.04 1
8.34 428
25.05 20
8.35 1246
25.06 11
8.36 1044
25.07 2
8.37 8
25.08 12
8.38 1922
8.39 23
169.71 1
56.06 3
35.75 1
35.76 1
31.0 4
35.78 2
31.1 3
31.2 1
31.4 5
31.5 1
31.6 2
31.7 2
31.8 2
25.11 1
25.12 2
8.41 22
8.42 20
25.14 7
8.43 8
25.15 5
8.44 10
25.16 7
8.45 1871
25.17 2
8.46 835
25.18 4
8.47 2
8.48 2182
8.49 396
161.7 1
56.16 1
56.18 1
35.83 1
35.86 2
35.87 1
35.88 3
70.0 20
70.3 1
25.21 1
25.22 1
8.51 21
66.84 1
8.52 39
8.53 30
66.86 1
25.25 8
60.05 1
8.54 24
60.06 3
25.26 4
8.55 1192
8.56 797
60.08 2
25.28 7
8.57 102
25.29 4
8.58 2595
8.59 5
56.25 1
56.28 3
35.94 1
35.96 1
49.0 5
35.98 2
35.99 1
49.5 1
49.7 1
60.11 2
8.61 76
25.32 5
25.33 2
8.62 19
8.63 7
8.64 362
25.35 4
8.65 1193
25.36 13
60.16 1
25.37 1
8.66 793
8.67 10
25.38 7
8.68 1778
8.69 19
56.33 2
70.78 1
88.0 2
88.8 1
25.41 2
8.71 8
8.72 31
8.73 295
25.44 7
8.74 12
25.45 7
8.75 1114
25.46 3
8.76 725
8.77 1
25.48 8
8.78 1643
8.79 358
25.51 5
36.0 14
8.81 21
36.1 1
8.82 447
2.01 292
36.2 3
8.83 32
2.02 335
60.35 1
36.3 1
25.55 10
8.84 239
2.03 2066
60.36 1
36.4 1
25.56 7
8.85 1112
2.04 37
36.5 1
25.57 2
8.86 1001
2.05 42922
25.58 9
8.87 4
2.06 90682
25.59 5
36.7 3
8.88 1812
2.07 8288
8.89 11
2.08 14281
2.09 215
101.42 1
56.56 1
15.01 20
15.02 7
15.03 5
15.04 8
15.05 124
15.06 160
15.07 7
15.08 73
15.09 36
114.5 1
8.91 16
25.63 1
8.92 31
2.11 62
25.64 1
8.93 1
46.03 1
2.12 932
25.65 3
8.94 334
2.13 1014
46.05 2
25.66 4
8.95 1400
2.14 5098
46.06 3
8.96 742
2.15 39967
25.68 2
8.97 77
2.16 89061
25.69 1
46.08 1
8.98 1799
2.17 19
8.99 23
2.18 1151
2.19 15
75.0 13
75.2 1
75.7 1
15.11 5
15.12 5
15.13 65
15.14 5
15.15 77
15.16 151
15.18 28
25.71 1
2.21 1038
25.73 2
2.22 8029
25.74 6
2.23 932
25.75 6
46.15 1
2.24 27
25.76 5
2.25 38812
25.77 2
2.26 86021
25.78 6
2.27 33
2.28 941
2.29 124
23.0 31
23.1 3
23.2 15
23.3 9
23.4 7
23.5 3
23.6 10
23.7 14
23.8 8
23.9 12
15.21 7
15.22 2
15.23 33
15.24 41
15.25 67
15.26 145
15.27 1
15.28 65
15.29 2
25.81 1
25.82 5
2.31 45
25.84 1
2.32 12163
46.23 1
2.33 3527
25.85 6
2.34 4318
25.86 6
2.35 35018
2.36 83079
25.88 7
60.69 1
2.37 5623
25.89 2
2.38 883
2.39 759
50.02 1
50.05 2
50.06 3
15.31 5
50.08 5
15.32 35
50.09 1
15.33 2
15.34 5
15.35 3378
15.36 5795
15.37 8
15.38 36
15.39 24
46.31 1
25.92 2
2.41 8
2.42 44
25.95 4
2.43 733
25.96 5
2.44 3463
2.45 59875
25.98 2
2.46 79477
46.38 1
2.47 49
2.48 1190
2.49 4932
101.0 1
62.0 7
101.88 1
62.3 1
50.16 2
15.41 1
15.42 7
62.7 1
15.43 65
15.44 1
15.45 74
15.46 90
15.47 2
15.48 64
15.49 5
81.14 1
2.51 91
2.52 4751
2.53 542
2.54 13
2.55 37525
2.56 75316
2.57 698
2.58 15017
2.59 39
140.0 1
119.7 1
50.24 1
50.25 1
15.51 7
15.52 3
15.53 3
15.54 31
15.55 117
15.56 124
15.57 5
15.58 143
15.59 4
10.0 22065
10.1 847
10.2 528
10.3 166
10.4 174
10.5 71
10.6 653
10.7 505
10.8 221
10.9 139
81.24 1
60.93 1
2.61 53
2.62 121
2.63 445
2.64 5730
46.56 2
2.65 29294
2.66 70790
2.67 3725
2.68 440
2.69 139
1.0 307007
50.35 1
1.1 2785
1.2 33442
1.3 2680
15.61 1
1.4 13180
15.62 9
1.5 91442
36.02 1
15.63 6
1.6 2369
15.64 3
1.7 33427
15.65 69
1.8 6017
36.05 2
15.66 112
1.9 1024
232.6 1
36.06 6
15.68 15
15.69 23
36.09 2
28.0 34
28.1 1
28.2 6
28.3 3
28.4 3
28.5 2
28.6 7
28.7 2
28.8 1
2.71 34
2.72 39
2.73 382
46.64 1
2.74 2339
2.75 33451
2.76 65682
46.68 1
2.77 162
2.78 368
2.79 6229
15.71 5
15.72 9
15.73 64
36.12 1
36.13 1
15.74 4
15.75 56
15.76 105
15.77 5
36.16 5
15.78 15
15.79 1
2.81 26
2.82 14681
2.83 2856
2.84 489
2.85 25974
2.86 60688
2.87 8
2.88 732
2.89 43
77.77 1
15.81 3
15.82 53
15.83 2
15.84 66
36.23 2
15.85 157
36.24 2
36.25 1
15.86 286
36.26 1
15.87 1
15.88 61
36.28 3
15.89 2
67.0 3
2.91 29
2.92 66
2.93 701
40.04 1
2.94 6466
40.05 2
2.95 42912
40.06 8
2.96 55725
2.97 2412
40.08 4
2.98 298
2.99 50
15.0 2683
15.1 95
15.2 76
15.3 32
15.4 49
15.5 61
15.6 40
15.7 126
15.8 77
15.9 19
50.65 1
71.06 1
15.91 1
50.68 1
77.88 1
15.92 4
36.32 1
15.93 3
36.33 1
15.94 6
15.95 105
15.96 94
36.36 1
15.98 47
15.99 30
36.38 2
145.0 1
9.01 15
46.95 1
40.14 1
9.02 26
46.96 2
9.03 5
40.16 6
9.04 8
9.05 1158
67.38 1
9.06 755
9.07 58
9.08 1849
9.09 316
71.17 1
36.44 1
36.45 2
36.47 1
6.0 12109
6.1 74
6.2 3566
6.3 793
6.4 36
6.5 1335
6.6 216
6.7 2173
6.8 1084
6.9 27
40.22 1
9.11 15
9.12 19
9.13 29
9.14 17
9.15 953
9.16 748
9.17 9
9.18 1337
9.19 3
54.0 1
54.2 1
54.7 1
54.9 1
50.82 2
50.83 1
71.25 1
50.88 2
36.51 1
36.53 1
36.55 2
9.21 1788
40.33 1
9.22 15
9.23 373
40.35 1
9.24 287
40.36 1
9.25 833
9.26 642
9.27 6
26.01 2
9.28 1305
26.02 1
9.29 3
26.04 7
26.05 11
26.06 10
26.08 5
93.0 1
50.92 1
71.38 1
36.66 1
36.68 1
36.69 1
112.55 1
9.31 8
9.32 327
9.33 9
9.34 7
9.35 1011
40.48 1
9.36 921
9.37 2
9.38 1216
9.39 244
26.15 9
26.16 8
26.18 1
26.19 3
36.71 1
36.75 1
108.88 1
41.0 6
36.78 1
41.2 2
41.3 1
41.6 1
41.7 1
41.8 1
9.41 12
40.54 1
9.42 18
9.43 43
40.56 2
9.44 12
9.45 1136
9.46 573
9.47 1
40.59 1
9.48 1462
26.23 2
9.49 2
26.24 1
26.25 5
26.26 7
26.28 4
71.55 1
30.01 1
36.82 1
30.02 1
30.03 2
57.24 2
30.05 12
57.26 1
30.06 16
30.07 3
30.08 6
30.09 3
80.0 36
80.8 2
40.61 1
9.51 65
9.52 30
9.53 8
9.54 253
40.66 1
9.55 686
9.56 503
26.31 1
9.57 57
9.58 1362
26.32 5
26.33 1
9.59 5
26.34 7
26.35 4
26.36 1
26.37 1
26.38 3
30.11 1
36.95 1
36.96 1
30.15 3
59.0 1
30.16 10
36.99 1
30.18 2
211.0 1
59.8 1
9.61 12
9.62 17
9.63 1
9.64 13
9.65 752
9.66 493
26.41 1
9.68 999
26.42 2
9.69 214
26.43 1
26.44 1
26.45 6
26.46 3
26.48 3
26.49 4
98.99 1
137.5 2
30.22 1
30.24 3
30.25 1
30.26 1
30.28 6
30.29 1
98.0 2
40.82 1
9.71 15
9.72 18
9.73 539
9.74 4
9.75 547
40.88 1
9.76 454
26.51 2
9.77 5
26.52 1
9.78 988
26.53 2
26.54 1
26.55 3
26.56 5
26.57 1
26.58 9
26.59 1
30.32 2
30.33 1
57.55 1
30.36 1
176.0 1
30.38 3
30.39 2
301.37 1
250.0 2
46.0 4
9.81 11
9.82 290
3.01 30
40.95 2
9.83 17
3.02 438
40.96 1
9.84 172
3.03 351
9.85 809
3.04 1523
40.98 1
9.86 819
3.05 30715
46.6 1
9.87 8
3.06 51189
46.7 1
9.88 999
3.07 121
9.89 346
3.08 13772
46.9 1
26.64 6
3.09 6551
26.65 2
26.66 12
26.68 5
92.33 1
57.61 1
16.01 1
16.02 2
16.03 35
16.04 3
30.46 1
16.05 87
16.06 141
30.48 3
16.07 6
16.08 36
16.09 3
124.0 1
47.01 2
61.42 5
9.91 7
9.92 9
3.11 373
61.44 1
9.93 1
3.12 2035
9.94 9
3.13 164
61.46 1
47.05 1
9.95 1107
3.14 48
47.06 3
9.96 367
3.15 19503
9.97 1
3.16 45768
26.72 1
47.08 2
9.98 1319
3.17 37
9.99 205
3.18 170
3.19 86
26.75 4
26.76 9
85.0 3
26.78 2
26.79 3
30.51 2
16.11 5
16.12 7
16.13 2
30.55 1
16.14 22
57.76 1
30.56 6
16.15 77
16.16 130
30.58 2
16.18 49
600.0 1
3.21 17
3.22 95
3.23 139
3.24 6224
47.16 1
3.25 18273
26.81 3
3.26 42011
20.01 2
3.27 1754
26.82 4
3.28 201
20.02 17
3.29 354
26.85 3
20.04 9
26.86 2
20.05 42
20.06 70
26.88 3
20.07 7
20.08 34
20.09 1
33.0 20
33.1 2
33.2 2
33.3 2
33.5 4
33.6 1
33.7 3
33.8 5
30.61 3
16.21 8
16.22 7
16.23 15
30.65 1
16.24 5
30.66 4
16.25 74
51.06 1
16.26 84
30.68 1
16.27 1
30.69 2
16.28 13
16.29 19
3.31 10
3.32 9438
3.33 2672
3.34 1094
47.25 2
82.06 1
3.35 19553
3.36 38165
88.88 1
47.28 1
3.37 60
26.92 3
3.38 356
20.12 2
3.39 6100
26.94 5
20.13 2
26.95 6
20.14 5
20.15 25
20.16 63
26.98 6
20.17 1
20.18 5
20.19 12
111.0 4
255.0 1
57.91 1
16.31 8
72.0 3
30.73 4
16.32 149
16.33 37
30.75 1
16.34 3
30.76 3
16.35 57
16.36 101
16.37 1
51.17 1
30.78 2
16.38 24
51.19 1
16.39 18
3.41 21
3.42 1443
3.43 111
3.44 75
3.45 30416
3.46 34897
20.21 1
3.47 249
20.22 4
3.48 120
20.23 3
3.49 69
20.24 2
20.25 14
20.26 35
20.27 1
20.28 5
30.81 1
92.79 1
30.82 2
16.41 5
30.83 1
16.42 7
78.39 1
30.84 3
16.43 1
16.44 23
30.86 1
16.45 731
16.46 78
30.88 2
16.47 2
16.48 1779
51.28 2
16.49 8
20.0 1641
20.1 9
20.2 39
20.3 16
20.4 9
20.5 15
20.6 9
20.7 29
20.8 27
20.9 8
61.82 1
3.51 30
3.52 79
3.53 85
3.54 5908
3.55 17802
3.56 32324
47.48 1
3.57 1226
20.31 2
47.49 1
3.58 10475
20.32 21
20.33 2
3.59 96
20.34 4
20.35 22
20.36 16
20.38 15
20.39 1
129.5 1
150.0 18
16.51 9
16.52 3
51.33 1
16.53 1
16.54 7
16.55 323
16.56 98
16.57 6
30.99 6
16.58 31
16.59 535
3.61 22
61.93 2
3.62 37
3.63 60
3.64 782
47.56 1
3.65 15549
3.66 29469
3.67 16
3.68 76
20.42 4
3.69 5211
20.43 3
20.44 1
20.45 39
20.46 21
20.47 1
20.48 12
20.49 13
16.61 5
16.62 6
16.63 27
16.64 7
16.65 36
37.05 2
16.66 117
51.46 1
37.06 2
16.68 21
16.69 3
38.0 10
38.1 1
38.2 2
38.5 2
38.6 1
38.8 1
3.71 47
3.72 1084
3.73 68
3.74 257
3.75 11776
82.46 1
3.76 26586
3.77 10
20.51 2
3.78 121
20.52 1
20.53 1
3.79 93
20.54 2
20.55 25
20.56 50
20.57 7
20.58 22
20.59 1
99.05 1
16.71 5
16.72 10
16.73 16
16.74 22
37.13 1
37.14 1
16.75 62
16.76 101
37.15 1
37.16 4
16.78 40
37.18 2
116.7 1
77.0 2
77.2 1
3.81 45
3.82 6856
3.83 1661
3.84 4724
3.85 10483
3.86 24753
20.61 3
3.87 878
20.62 3
3.88 261
3.89 99
20.64 16
20.65 20
20.66 44
20.68 8
20.69 1
78.72 1
16.81 5
16.82 25
10.01 61
16.83 1
10.02 42
16.84 8
10.03 70
16.85 40
10.04 10
37.25 2
16.86 99
10.05 576
37.26 2
10.06 422
16.88 26
10.07 63
37.28 2
16.89 15
10.08 1156
10.09 4
41.01 1
3.91 14
3.92 177
3.93 36
41.04 1
3.94 615
41.05 2
3.95 22795
41.06 1
3.96 22649
47.88 1
3.97 7
20.71 1
3.98 98
20.72 6
3.99 4515
20.73 6
20.74 1
20.75 20
20.76 32
25.0 389
20.77 3
25.1 4
20.78 8
25.2 15
20.79 13
25.3 2
25.4 6
25.5 7
25.6 2
25.7 14
25.8 10
25.9 2
16.91 8
10.11 27
16.92 7
51.73 1
10.12 10
72.09 1
16.93 14
10.13 3
16.94 5
10.14 185
16.95 86
10.15 574
37.35 4
16.96 74
37.36 1
10.16 408
16.97 3
10.17 10
51.78 1
16.98 30
16.99 2
10.18 856
37.38 2
10.19 1
175.17 1
41.11 1
41.12 1
68.34 1
230.07 1
41.16 3
20.81 3
20.82 24
20.83 5
20.84 4
20.85 19
20.86 18
20.88 6
20.89 1
10.21 7
10.22 11
10.23 528
10.24 7
37.45 1
10.25 497
37.46 1
10.26 369
10.27 1
51.88 1
10.28 727
10.29 152
41.22 1
41.23 1
41.25 2
41.26 1
20.91 1
41.28 3
20.93 1
20.94 9
20.95 39
20.96 15
20.98 9
20.99 1
64.0 1
64.2 1
10.31 11
12.0 2304
10.32 213
12.1 391
10.33 86
12.2 288
10.34 4
12.3 115
10.35 662
12.4 125
10.36 735
12.5 143
10.37 2
12.6 272
10.38 625
37.58 3
12.7 227
10.39 6
12.8 106
12.9 43
41.38 4
27.01 2
27.05 9
27.06 6
27.08 7
27.09 3
37.61 1
10.41 6
10.42 5
10.43 3
37.64 1
10.44 170
10.45 801
10.46 359
37.66 2
10.47 5
10.48 1176
10.49 3
58.08 1
41.45 1
68.68 1
41.48 2
27.11 1
41.49 1
89.08 1
27.12 1
27.15 1
27.16 3
27.18 3
27.19 1
3.0 82960
3.1 136
3.2 27098
3.3 5624
3.4 200
3.5 11883
3.6 183
3.7 15981
3.8 7252
3.9 74
10.51 7
10.52 23
10.53 4
37.74 1
10.54 5
58.14 1
10.55 617
10.56 837
37.76 3
58.16 1
10.57 24
37.77 1
51.0 5
37.78 1
10.58 816
10.59 147
51.2 2
51.4 1
51.5 1
51.6 1
51.7 2
41.51 1
41.55 1
41.56 1
27.24 3
27.25 1
27.26 4
27.28 5
99.78 1
10.61 36
10.62 12
37.83 1
10.63 97
31.03 2
10.64 7
31.04 1
10.65 386
37.86 1
10.66 321
58.26 1
31.06 2
10.67 2
37.88 3
10.68 564
10.69 3
90.0 13
90.7 1
41.61 1
62.03 1
41.68 1
27.31 2
27.32 1
27.35 4
27.38 11
27.39 2
10.71 5
37.92 1
58.31 1
10.72 10
10.73 434
10.74 136
37.95 1
10.75 333
31.15 2
10.76 329
69.0 1
10.77 10
31.16 1
31.17 1
10.78 597
31.18 1
10.79 2
17.0 132
17.1 25
17.2 81
41.71 1
17.3 24
17.4 23
17.5 26
17.6 24
17.7 46
17.8 23
17.9 74
62.16 2
41.78 1
41.79 1
27.41 1
62.18 1
27.45 4
27.46 3
27.48 6
72.75 1
93.17 1
10.81 5
31.21 1
99.99 2
10.82 170
31.22 1
10.83 2
10.84 5
31.23 3
10.85 518
10.86 688
31.25 2
31.26 1
10.87 1
31.27 2
10.88 523
10.89 137
31.28 6
31.29 2
41.86 1
41.88 1
27.51 3
27.54 4
27.55 4
27.56 4
27.57 1
27.58 3
10.91 3
31.31 2
10.92 15
31.32 1
10.93 105
10.94 2
10.95 609
10.96 279
31.35 2
10.97 2
58.56 1
10.98 877
31.38 3
10.99 3
8.0 9419
58.59 1
17.01 2
8.1 219
17.02 7
8.2 727
17.03 2
8.3 1015
17.04 19
8.4 243
17.05 65
8.5 315
17.06 94
8.6 567
17.07 6
8.7 633
17.08 78
8.8 357
17.09 1
8.9 362
56.0 2
4.01 144
56.2 2
4.02 720
41.96 1
4.03 33
4.04 94
4.05 11740
56.6 1
27.61 2
4.06 20616
27.62 1
48.01 2
4.07 17
4.08 7291
4.09 52
27.65 5
48.05 1
27.66 3
48.06 1
27.68 3
27.69 2
31.41 2
31.45 2
17.11 5
17.12 17
17.13 4
17.14 2
17.15 70
17.16 133
17.17 1
17.18 19
17.19 27
134.8 1
4.11 41
4.12 36
4.13 62
4.14 3885
4.15 8019
27.71 1
4.16 18930
4.17 612
4.18 91
27.73 1
4.19 204
27.75 4
27.76 3
95.0 2
48.16 1
27.77 1
27.78 4
300.0 1
31.52 1
31.55 1
31.57 2
31.58 1
31.59 1
17.21 2
17.22 5
17.23 29
17.24 10
17.25 43
17.26 56
17.27 3
17.28 15
17.29 5
155.02 1
62.52 1
4.21 17
4.22 36
4.23 30
4.24 392
4.25 9679
27.81 1
4.26 17565
4.27 4
27.82 5
21.01 3
4.28 226
21.02 1
4.29 3686
27.84 4
21.03 3
27.85 1
27.86 3
21.05 25
21.06 38
48.26 1
27.88 1
21.07 7
48.28 1
21.08 13
21.09 12
43.0 4
43.1 1
43.2 1
43.7 1
31.65 1
31.66 1
31.68 3
17.31 6
17.32 45
17.34 11
17.35 46
17.36 70
17.37 3
17.38 29
17.39 1
4.31 15
62.64 1
4.32 5110
4.33 1110
4.34 67
4.35 6874
4.36 16041
27.91 6
62.69 1
4.37 107
27.92 1
21.11 8
48.31 1
4.38 128
27.93 2
21.12 5
21.13 3
4.39 55
27.95 8
21.14 2
27.96 1
21.15 11
27.97 1
21.16 26
27.98 3
21.17 1
27.99 6
21.18 9
21.19 1
121.5 1
58.92 1
82.0 5
82.2 1
31.78 3
17.41 2
17.42 7
17.43 3
17.44 1
17.45 69
17.46 65
17.47 2
17.48 18
17.49 10
4.41 33
4.42 20
4.43 20
4.44 3512
4.45 13823
4.46 15177
21.21 3
4.47 447
21.22 3
4.48 176
48.43 1
4.49 80
21.24 6
21.25 9
21.26 18
48.48 1
21.28 11
21.29 2
31.81 2
31.82 1
79.43 1
52.23 1
31.85 2
31.88 5
31.89 1
17.51 7
17.53 16
17.54 4
17.55 59
17.56 65
17.57 6
17.58 41
17.59 3
30.0 272
30.2 8
30.3 4
30.5 1
30.6 3
30.7 6
30.8 6
30.9 1
4.51 5
62.84 1
4.52 37
4.53 24
4.54 274
4.55 9703
4.56 13735
48.51 1
4.57 4
21.31 3
4.58 5280
21.32 18
4.59 3115
21.33 2
21.35 14
48.56 1
21.36 19
21.37 1
48.58 1
21.38 7
21.39 6
93.86 1
31.95 1
31.96 2
31.98 3
17.61 8
17.62 2
17.63 2
17.64 17
17.65 119
17.66 69
17.68 212
17.69 4
4.61 14
4.62 340
4.63 21
4.64 157
4.65 5545
4.66 12900
4.67 14
48.61 1
4.68 181
4.69 46
21.43 3
21.44 1
21.45 29
48.65 2
21.46 10
21.48 12
124.54 1
38.01 1
38.04 1
38.05 1
38.06 3
17.71 3
38.08 1
17.72 3
17.73 6
17.74 5
17.75 29
17.76 64
17.77 1
17.78 13
17.79 6
48.0 7
48.2 1
200.0 14
48.6 1
4.71 48
4.72 33
4.73 100
4.74 2722
4.75 5188
4.76 11900
4.77 285
21.51 2
4.78 202
4.79 94
21.53 1
21.54 4
21.55 9
21.56 12
21.57 2
21.58 22
38.12 1
38.16 1
17.81 2
126.0 1
52.58 1
17.82 27
38.19 1
17.83 11
17.84 3
17.85 38
17.86 75
17.87 2
17.88 8
17.89 1
4.81 24
4.82 3611
4.83 795
4.84 197
4.85 6161
4.86 11220
21.61 3
4.87 5
21.62 7
4.88 228
4.89 2546
21.64 1
21.65 14
21.66 27
21.67 2
21.68 5
21.69 11
11.01 8
11.02 12
11.03 1
11.04 138
11.05 3644
52.66 1
38.25 2
11.06 8726
38.26 1
17.91 2
11.07 34
17.92 2
11.08 713
38.28 2
17.93 2
11.09 3
17.94 154
17.95 63
17.96 59
17.97 4
17.98 27
4.91 98
4.92 222
4.93 19
4.94 116
42.05 1
4.95 10303
42.06 1
4.96 10435
4.97 8
21.71 2
4.98 246
21.72 3
42.09 3
4.99 93
21.73 7
21.75 10
21.76 12
35.0 71
21.77 2
21.78 4
48.99 2
35.2 2
21.79 3
35.3 1
35.6 2
35.8 1
35.9 1
11.11 84
38.31 1
11.12 15
38.32 2
38.33 1
11.13 6
38.34 1
11.14 10
11.15 351
38.35 1
79.97 1
11.16 275
52.78 1
11.17 4
79.99 1
11.18 354
38.38 2
11.19 125
21.81 1
42.18 1
21.82 17
42.19 1
21.83 1
21.84 7
21.85 11
21.86 19
21.87 1
21.88 9
74.0 1
73.17 1
11.21 10
11.22 16
11.23 506
11.24 3
11.25 212
38.45 1
11.26 202
11.27 2
11.28 346
38.48 2
11.29 3
42.23 1
21.92 5
42.29 1
21.93 4
21.95 26
21.96 10
21.97 1
21.98 9
21.99 12
38.51 1
11.31 13
52.92 1
73.29 1
22.0 127
11.32 153
11.33 4
22.1 11
22.2 26
11.34 98
22.3 13
11.35 432
52.96 1
22.4 14
11.36 492
11.37 2
22.5 8
11.38 394
38.58 2
22.6 7
11.39 3
22.7 18
22.8 18
22.9 5
299.99 1
42.36 1
42.38 1
28.01 2
28.02 2
28.03 2
28.05 8
28.06 14
28.08 1
11.41 7
38.61 1
11.42 15
38.63 1
11.43 4
11.44 5
38.65 1
11.45 487
11.46 281
11.48 591
11.49 106
42.42 1
42.43 1
28.11 2
69.69 1
28.12 1
28.13 1
28.14 4
28.16 9
28.18 3
100.0 40
100.1 1
180.24 1
100.8 2
73.45 1
11.51 9
38.71 1
11.52 23
11.53 119
11.54 2
11.55 217
38.76 2
11.56 187
61.0 3
11.57 19
11.58 385
61.2 1
11.59 1
61.5 1
42.51 1
114.64 1
42.56 1
28.25 4
28.26 4
28.28 7
28.29 3
118.0 1
283.0 1
11.61 12
38.82 1
32.01 1
11.62 4
11.63 2
38.83 1
59.23 1
32.03 1
11.64 91
32.04 3
11.65 233
32.05 6
11.66 172
32.06 6
11.67 11
11.68 388
38.88 2
11.69 1
32.08 4
79.7 1
42.61 1
42.65 1
42.66 2
28.31 4
28.32 2
28.33 1
28.34 1
28.35 2
28.36 6
28.38 4
11.71 53
32.11 1
11.72 7
11.73 282
11.74 7
11.75 1308
11.76 163
32.15 2
11.77 1
32.16 5
38.98 2
11.78 3644
11.79 85
0.0 1580916
0.1 1264
32.19 3
0.2 1634
0.3 157
0.4 114
0.5 4698
0.6 133
0.7 5985
0.8 1184
0.9 567
27.0 22
27.1 1
27.2 11
27.3 2
27.5 3
42.73 1
27.6 3
27.7 13
42.76 1
27.8 5
27.9 1
28.42 1
28.44 1
28.45 5
28.46 1
28.47 1
28.48 4
157.0 1
11.81 4
32.21 1
11.82 110
11.83 127
11.84 1
11.85 257
11.86 345
32.25 1
32.26 1
11.87 40
11.88 201
11.89 4
32.28 2
323.0 1
42.82 1
42.84 2
28.51 2
28.53 1
28.55 4
28.56 8
28.57 1
28.58 2
28.59 1
11.91 5
11.92 6
11.93 3
32.32 1
11.94 87
32.34 1
11.95 1015
11.96 1814
32.35 1
11.97 6
32.36 3
11.98 553
11.99 3
32.38 3
18.01 5
196.2 2
18.02 4
18.03 3
18.04 6
18.05 78
18.06 80
18.07 6
18.08 32
18.09 11
42.91 1
66.0 4
5.01 130
5.02 21
5.03 28
5.04 2368
66.5 1
5.05 5788
28.61 3
5.06 9658
28.62 1
66.7 1
5.07 171
5.08 4227
5.09 159
28.65 1
28.66 2
49.05 1
28.68 3
14.0 418
14.1 89
14.2 109
14.3 61
14.4 47
14.5 43
14.6 76
14.7 342
14.8 45
14.9 198
32.45 1
32.46 2
32.47 1
32.48 3
32.49 3
18.11 5
18.12 4
18.13 14
18.14 3
18.15 50
18.16 86
18.17 1
18.18 6
18.19 2
5.11 21
5.12 23
5.13 22
5.14 130
5.15 4961
28.71 2
5.16 8800
49.11 1
5.17 8
5.18 273
5.19 2135
28.74 2
28.75 2
28.76 2
49.15 1
28.78 2
49.18 1
32.51 1
32.55 4
32.56 1
32.58 1
18.21 3
18.22 3
18.23 4
18.24 15
18.25 38
18.26 56
18.28 24
18.29 4
5.21 16
5.22 146
5.0 53499
5.23 40
5.1 32
63.55 1
5.24 128
5.2 5351
5.25 3572
5.3 2341
28.81 1
63.58 1
5.26 7945
5.4 53
5.27 36
5.5 1413
28.82 5
22.01 3
63.59 1
49.21 1
5.28 221
5.6 979
28.83 1
22.02 3
5.29 52
5.7 4027
22.03 3
5.8 1347
28.85 5
5.9 788
28.86 4
22.05 20
22.06 27
22.07 2
28.88 4
28.89 2
22.08 15
22.09 1
53.0 2
32.61 2
53.01 1
32.63 1
32.64 1
32.65 1
32.66 3
53.05 1
53.06 1
32.68 3
18.31 2
18.32 44
18.33 2
18.34 5
18.35 30
18.36 51
18.37 3
18.38 9
18.39 12
5.31 132
5.32 2662
5.33 566
63.66 1
5.34 1921
5.35 3314
28.91 1
5.36 7384
5.37 111
22.12 2
5.38 240
5.39 126
28.95 9
22.14 5
28.96 3
22.15 21
49.35 1
22.16 31
49.36 1
28.98 2
22.17 1
49.38 1
22.18 7
32.71 1
32.75 1
32.76 2
32.78 1
18.41 4
32.79 2
18.42 2
53.19 1
18.43 1540
18.44 1
18.45 60
18.46 59
18.47 1
18.48 23
5.41 11
5.42 12
5.43 11
5.44 125
5.45 7881
5.46 6955
22.21 4
5.47 2
22.22 15
5.48 273
22.23 1
5.49 1823
22.24 1
22.25 12
22.26 12
49.47 1
22.28 5
22.29 3
160.08 1
170.8 1
32.82 1
53.23 1
32.85 3
32.86 2
53.26 1
18.51 7
18.52 9
18.54 12
18.55 48
18.56 49
19.0 70
18.57 5
19.1 12
18.58 40
19.2 28
18.59 1
19.3 19
19.4 18
40.0 138
19.5 12
40.1 3
19.6 21
40.2 1
19.7 23
19.8 19
40.4 2
19.9 11
40.5 1
40.7 2
40.8 3
63.81 1
5.51 16
5.52 121
5.53 279
5.54 196
5.55 4487
5.56 6121
22.31 1
49.51 1
5.57 18
5.58 3141
22.32 15
22.33 1
5.59 14
22.35 7
22.36 12
49.58 2
22.38 6
149.0 1
94.82 1
32.91 1
125.46 1
32.95 1
32.98 2
53.38 1
18.61 5
18.62 2
18.63 1
18.64 4
18.65 33
18.66 57
18.67 2
18.68 14
18.69 24
5.61 118
5.62 17
5.63 34
5.64 1672
5.65 2635
5.66 5805
5.67 91
22.41 3
5.68 349
5.69 112
22.44 3
49.65 1
22.45 19
22.46 11
22.48 9
125.55 1
39.06 2
18.71 1
18.72 8
18.73 11
18.75 32
18.76 55
18.77 2
18.78 10
18.79 1
58.0 6
58.2 1
58.3 1
58.5 1
58.6 1
58.9 1
5.71 10
5.72 45
5.73 35
5.74 79
5.75 3116
5.76 5473
22.51 3
5.77 7
22.52 1
5.78 328
5.79 1610
22.54 1
22.55 18
22.56 12
22.57 3
22.58 18
49.78 2
22.59 12
18.81 4
18.82 26
12.01 5
12.02 17
18.84 17
12.03 8
18.85 25
12.04 5
18.86 56
12.05 217
18.87 1
12.06 193
18.88 21
12.07 7
12.08 295
12.09 74
tip_amount 1
5.81 39
5.82 2073
5.83 412
5.84 140
5.85 2187
5.86 4925
22.61 4
5.87 3
22.62 2
5.88 445
22.63 3
5.89 139
22.65 12
22.66 17
43.06 2
22.68 4
39.22 1
39.24 2
39.25 3
18.91 1
18.92 3
12.11 10
74.09 1
18.93 3
12.12 16
18.94 1
12.13 139
18.95 52
12.14 4
18.96 32
12.15 129
18.97 1
12.16 179
18.98 9
12.17 2
18.99 10
12.18 169
12.19 2
5.91 110
5.92 20
5.93 21
5.94 1408
5.95 5267
5.96 4433
5.97 63
22.71 1
5.98 424
22.73 1
49.93 1
5.99 163
22.74 7
49.95 1
22.75 7
22.76 28
43.16 1
45.0 29
22.77 1
49.98 1
22.78 8
45.2 1
45.3 1
45.4 6
45.8 2
39.36 1
53.78 1
12.21 343
39.39 1
12.22 18
12.23 228
12.24 67
12.25 12536
12.26 135
12.27 5
12.28 33997
12.29 6
123.0 1
22.81 1
22.82 5
22.83 1
43.22 1
22.85 11
22.86 12
22.88 2
22.89 7
39.41 2
39.43 1
39.44 1
39.45 2
53.86 1
12.31 3
39.48 5
12.32 95
12.33 3
12.34 44
12.35 238
12.36 378
12.37 1
12.38 147
12.39 69
22.91 1
22.92 2
22.93 3
22.95 17
22.96 9
43.36 1
22.98 9
22.99 1
43.38 2
32.0 16
32.1 1
32.2 2
32.3 2
39.56 1
32.5 2
12.41 1
32.6 2
39.58 1
12.42 9
32.7 4
32.8 1
12.43 125
12.44 34
12.45 355
12.46 383
12.48 302
12.49 1
191.74 1
43.44 1
43.45 2
29.04 4
29.05 6
43.47 1
29.06 4
162.7 1
43.48 1
29.08 7
74.42 1
39.62 1
39.64 1
39.66 1
74.47 1
12.51 9
12.52 12
39.69 1
12.53 1
12.54 68
12.55 155
12.56 429
71.0 1
12.57 23
12.58 333
12.59 1
71.7 1
71.9 1
115.54 1
29.11 3
29.15 2
43.56 1
29.16 8
43.59 1
29.18 2
29.19 2
110.0 4
39.73 1
39.76 1
202.0 1
39.78 1
12.61 12
12.62 6
12.63 4
12.64 5
12.65 414
12.66 194
12.67 1
12.68 819
12.69 54
29.21 1
29.22 1
29.26 1
43.68 1
29.28 3
33.01 1
39.82 1
39.84 1
39.86 2
33.05 1
33.06 2
12.71 1
39.88 2
74.69 1
33.08 3
12.72 4
33.09 1
12.73 289
12.74 1
12.75 79
12.76 161
12.77 3
89.0 1
12.78 112
64.03 1
43.71 1
29.31 1
29.32 2
29.34 1
29.35 6
29.36 2
29.38 4
33.13 1
39.96 1
33.16 6
12.81 2
12.82 79
33.18 2
12.83 2
12.84 67
12.85 205
12.86 252
12.87 1
12.88 204
12.89 4
37.0 5
37.1 1
64.12 1
37.6 1
37.7 4
37.8 1
37.9 1
29.41 1
43.83 1
29.44 1
43.86 1
29.45 3
29.46 2
29.47 1
43.89 1
29.48 3
29.49 2
74.85 1
33.24 1
33.25 1
12.91 11
12.92 8
33.28 3
12.93 3
12.94 12
12.95 193
12.96 215
12.97 1
12.98 265
12.99 54
115.0 4
64.28 1
76.0 2
43.95 2
43.96 1
29.55 3
29.56 1
43.98 1
76.6 1
29.58 5
29.59 1
33.33 2
33.35 3
33.36 2
33.38 5
33.39 4
19.01 2
19.02 9
19.03 71
19.04 6
19.05 49
19.06 55
19.07 4
19.08 26
19.09 3
6.01 8
6.02 33
6.03 6
6.04 80
6.05 3220
64.38 1
29.61 2
6.06 4089
6.07 3
29.63 1
6.08 2614
29.64 2
6.09 1268
29.66 4
24.0 18
24.1 2
24.2 11
24.3 6
24.4 6
24.5 6
24.6 1
24.7 15
24.8 7
24.9 2
33.43 1
33.45 2
33.48 2
19.11 1
19.12 4
19.14 13
19.15 42
19.16 69
19.17 1
19.18 12
19.19 2
6.11 37
6.12 96
64.45 1
6.13 16
6.14 982
6.15 1748
6.16 3602
29.72 1
6.17 21
29.73 1
6.18 421
6.19 21
29.75 5
29.76 1
29.78 4
29.79 1
33.51 1
33.54 1
33.55 2
33.56 1
19.21 2
19.22 11
19.23 2
19.24 2
19.25 24
19.26 56
19.27 2
19.28 6
19.29 10
6.21 93
6.22 13
6.23 59
6.24 1119
6.25 1641
6.26 3361
29.81 3
23.01 3
6.27 52
29.82 4
23.02 1
6.28 506
29.83 1
29.84 1
6.29 156
29.85 3
23.04 5
29.86 3
23.05 13
23.06 14
29.88 3
23.07 3
23.08 9
63.0 4
63.5 1
33.61 2
33.64 1
33.66 2
33.68 2
54.08 1
19.31 2
54.09 1
19.32 19
19.33 7
19.34 5
19.35 13
19.36 45
11.0 1211
19.37 1
11.1 602
19.38 12
11.2 370
19.39 1
11.3 121
11.4 77
11.5 123
11.6 453
11.7 270
11.8 132
11.9 107
6.31 5
6.32 1496
6.33 289
6.34 59
6.35 2129
6.36 3190
23.11 1
6.37 1
23.12 4
6.38 643
29.94 3
6.39 1125
23.14 1
29.95 2
29.96 4
23.15 14
23.16 18
29.98 5
29.99 1
23.18 5
23.19 7
33.72 1
33.74 1
33.76 1
54.15 2
54.16 1
33.78 3
19.41 1
19.42 6
19.43 3
19.44 4
19.45 37
19.46 32
19.48 9
19.49 3
6.41 14
6.42 48
6.43 12
6.44 114
6.45 3813
6.46 2912
6.47 25
23.22 3
6.48 791
23.23 2
6.49 15
23.24 1
23.25 11
23.26 11
23.27 1
23.28 7
2.0 265452
2.1 492
2.2 33984
2.3 16141
2.4 685
2.5 30221
2.6 7558
2.7 28444
33.81 1
2.8 8063
33.82 1
2.9 6076
33.84 1
54.24 1
33.86 2
54.26 1
33.88 4
19.51 2
19.52 4
19.53 1
19.54 2
19.55 41
19.56 46
29.0 12
19.57 3
29.1 3
29.2 3
19.58 24
19.59 25
29.3 3
50.0 110
29.5 2
29.6 1
50.2 1
29.7 1
29.8 3
29.9 1
50.5 5
50.7 1
50.8 1
6.51 101
6.52 26
6.53 31
6.54 1002
6.55 2121
6.56 2583
6.57 36
23.31 1
6.58 2482
23.32 17
23.33 1
6.59 257
23.34 11
23.35 5
23.36 9
23.38 7
23.39 2
33.91 1
33.95 4
33.98 3
33.99 1
19.61 5
19.62 2
19.63 3
19.64 1
19.65 20
19.66 40
19.67 5
19.68 8
19.69 2
6.61 28
6.62 30
6.63 6
64.95 1
6.64 62
6.65 1957
6.66 2634
6.67 4
23.42 2
6.68 1080
6.69 943
23.43 2
23.44 1
23.45 21
23.46 6
23.48 7
23.49 6
198.0 1
107.0 1
19.71 1
54.48 1
19.72 4
19.73 2
19.74 51
19.75 193
19.76 30
19.77 1
19.78 410
19.79 2
68.0 3
68.3 1
6.71 25
6.72 57
6.73 68
6.74 86
6.75 1435
6.76 2259
23.51 2
6.77 4
23.52 1
16.0 215
6.78 1184
23.53 2
16.1 43
6.79 13
23.54 1
16.2 51
23.55 8
16.3 82
23.56 12
16.4 27
23.57 1
16.5 27
23.58 10
16.6 36
16.7 52
16.8 30
16.9 31
54.51 1
19.81 1
146.0 1
54.58 1
19.82 16
13.01 9
19.83 3
13.02 7
19.84 3
13.03 120
19.85 20
13.04 4
19.86 26
13.05 319
19.87 5
13.06 677
19.88 8
13.07 9
19.89 16
13.08 160
13.09 1
6.81 93
6.82 1043
0.01 3371
6.83 227
0.02 1267
6.84 945
0.03 542
6.85 1412
0.04 255
6.86 2152
0.05 667
23.61 2
6.87 38
0.06 154
23.62 1
6.88 1350
0.07 109
6.89 77
0.08 970
23.64 3
0.09 172
23.65 8
23.66 10
44.05 2
44.06 1
23.68 4
44.08 1
19.91 4
19.92 4
13.11 78
75.08 2
19.93 5
13.12 11
75.09 1
19.94 5
13.13 7
19.95 43
13.14 55
19.96 36
13.15 3118
19.97 1
13.16 709
19.98 12
13.17 13
13.18 8326
13.19 2
7.0 7893
7.1 482
7.2 1685
7.3 400
7.4 349
7.5 903
7.6 134
7.7 1635
7.8 390
7.9 35
6.91 14
6.92 39
0.11 287
6.93 6
0.12 82
6.94 21
0.13 46
6.95 3404
0.14 47
6.96 2051
0.15 346
23.71 1
6.97 3
0.16 26
23.72 1
6.98 1436
0.17 43
23.73 1
6.99 840
0.18 79
23.74 1
44.13 1
0.19 17
23.75 11
44.15 1
23.76 8
55.0 20
44.16 1
23.78 3
23.79 4
55.5 3
55.8 2
120.05 1
75.14 1
75.16 1
13.21 6
13.22 11
13.23 155
13.24 70
13.25 135
13.26 173
13.27 11
13.28 72
13.29 55
0.21 36
0.22 170
0.23 34
0.24 22
0.25 185
23.81 1
0.26 20
0.27 19
23.82 17
0.28 55
23.83 4
23.84 1
0.29 17
23.85 5
44.25 1
23.86 13
23.88 5
23.89 1
94.0 1
54.83 1
75.24 1
13.32 98
13.33 128
13.34 31
13.35 125
13.36 272
13.37 4
13.38 66
13.39 2
85.82 1
0.31 24
0.32 34
85.85 1
0.33 72
0.34 10
0.35 40
0.36 10
0.37 7
23.92 3
0.38 10
23.94 3
0.39 8
23.95 6
23.96 4
44.35 1
23.97 1
23.98 6
44.38 1
54.91 1
42.0 13
42.2 1
42.3 1
42.4 1
54.98 1
42.5 1
13.41 2
13.42 3
42.7 1
13.43 3
13.44 56
13.45 218
13.46 135
13.47 7
13.48 271
0.41 24
0.42 11
0.43 15
0.44 21
0.45 40
0.46 11
0.47 13
0.48 5
0.49 605
44.44 3
44.46 1
44.49 1
120.0 6
13.51 40
13.52 6
13.53 6
13.54 9
13.55 110
13.56 213
13.57 9
81.0 2
13.58 128
13.59 53
81.2 1
81.5 1
0.51 31
0.52 632
0.53 13
0.54 601
0.55 212
0.56 401
0.57 188
0.58 122
0.59 534
13.61 8
13.62 9
34.02 1
13.63 98
34.03 1
13.64 4
13.65 126
34.05 1
13.66 285
13.67 3
13.68 62
13.69 1
34.08 1
0.61 26
0.62 530
0.63 22
0.64 488
0.65 83
0.66 313
0.67 145
44.61 1
0.68 11
0.69 435
44.66 1
65.08 1
138.0 1
13.71 2
34.11 2
13.72 8
13.73 115
13.74 62
34.14 1
13.75 92
34.15 1
13.76 281
13.77 7
34.16 2
99.0 3
13.78 149
34.18 3
13.79 1
99.8 1
0.71 26
0.72 429
0.73 7
0.74 467
0.75 1531
0.76 262
0.77 186
0.78 144
0.79 352
65.15 1
96.16 1
13.81 3
13.82 2002
177.5 1
13.83 11
13.84 14
13.85 165
13.86 245
34.26 1
13.87 2
13.88 45
13.89 46
34.29 1
47.0 7
47.1 1
47.2 1
0.81 32
0.82 380
0.83 73
0.84 233
0.85 183
0.86 303
0.87 82
0.88 325
0.89 198
44.85 2
13.91 4
34.31 1
13.92 5
75.89 1
13.93 92
34.33 1
13.94 5
13.95 183
13.96 170
13.97 2
13.98 142
13.99 1
34.39 1
125.0 7
0.91 22
0.92 186
0.93 5813
0.94 242
0.95 148
0.96 111
0.97 91
0.98 6006
0.99 327
86.0 2
7.01 44
86.2 1
7.02 54
44.96 1
7.03 11
7.04 60
44.98 1
7.05 1879
7.06 1892
7.07 20
7.08 2668
7.09 4
34.42 1
34.45 2
7.11 68
7.12 27
7.13 6
7.14 797
7.15 1324
7.16 1656
7.17 22
7.18 1607
7.19 83
34.0 10
34.1 1
34.2 3
34.3 1
34.6 1
34.8 2
34.52 1
34.55 3
34.56 2
34.59 1
7.21 13
7.22 19
7.23 56
7.24 30
7.25 1673
7.26 1652
112.0 2
7.27 1
7.28 1698
7.29 659
330.0 1
73.0 1
34.63 1
34.64 1
34.66 4
34.68 2
24.01 2
24.02 1
7.31 13
7.32 807
24.03 1
7.33 193
24.04 1
7.34 71
24.05 13
7.35 1340
24.06 27
7.36 1527
24.07 3
7.37 89
24.08 17
7.38 1724
24.09 4
7.39 1
55.05 1
55.06 2
34.71 2
34.74 3
34.75 1
34.76 1
21.0 38
34.78 2
21.1 5
21.2 28
21.3 25
21.4 10
21.5 15
21.6 4
21.7 22
21.8 12
21.9 7
7.41 72
24.13 4
7.42 24
7.43 9
24.15 12
7.44 623
24.16 14
7.45 2533
24.17 1
7.46 1392
24.18 2
7.47 20
7.48 1885
7.49 42
151.5 1
100.01 1
100.03 1
55.16 1
55.18 1
34.83 1
34.86 1
24.21 1
24.22 2
7.51 30
86.19 1
24.23 3
7.52 34
24.24 8
7.53 3
24.25 4
7.54 23
24.26 6
7.55 1970
7.56 1370
24.28 6
7.58 2696
7.59 617
39.0 6
34.99 1
60.0 31
60.2 1
39.7 2
39.8 1
60.8 1
24.31 1
65.92 1
7.61 31
24.32 5
65.94 1
7.62 40
24.33 1
7.63 21
7.64 48
24.35 5
7.65 1421
330.08 1
24.36 9
7.66 1212
24.38 9
24.39 5
7.68 2003
7.69 8
335.0 1
78.0 1
78.8 1
7.71 60
24.42 2
7.72 28
24.43 2
7.73 117
24.44 1
7.74 559
24.45 15
7.75 1345
24.46 4
7.76 1159
7.77 64
24.48 5
24.49 1
7.78 2044
7.79 38
100.33 1
55.46 1
230.0 1
24.52 1
26.0 21
7.81 27
7.82 605
24.54 3
26.2 6
7.83 118
24.55 8
26.3 5
7.84 15
26.4 1
24.56 12
7.85 1614
24.57 3
26.5 3
7.86 1227
7.87 1
24.58 9
26.6 5
26.7 5
7.88 2062
26.8 4
7.89 589
26.9 1
55.55 5
55.56 2
14.01 7
14.02 5
14.04 34
14.05 126
14.06 163
14.07 10
14.08 180
14.09 3
1.01 169
1.02 287
1.03 5956
1.04 171
1.05 123
24.61 1
1.06 149
24.62 1
45.01 2
7.91 35
86.59 1
1.07 63
7.92 71
1.08 8340
24.64 1
7.93 22
1.09 162
24.65 4
45.04 1
7.94 35
24.66 7
45.05 4
7.95 2279
45.06 1
7.96 997
24.68 4
7.97 4
24.69 4
45.08 3
7.98 2181
45.09 4
7.99 7
55.61 1
55.66 1
55.67 1
14.11 3
14.12 7
14.13 9
14.14 6
14.15 108
14.16 179
14.17 5
14.18 32
14.19 34
195.0 1
1.11 2151
1.12 651
1.13 5779
1.14 185
1.15 303
24.71 1
1.16 77
86.69 1
1.17 68
1.18 6036
24.73 5
45.13 1
1.19 159
45.14 1
24.75 2
24.76 6
65.0 19
24.78 3
45.18 1
24.79 2
65.7 1
13.0 616
13.1 268
13.2 365
13.3 96
13.4 50
13.5 84
13.6 192
13.7 154
13.8 804
13.9 81
14.21 5
14.22 7
14.23 134
14.24 1
14.25 70
14.26 120
14.27 1
14.28 52
14.29 3
1.21 247
1.22 281
1.23 5437
1.24 786
1.25 8443
24.81 1
1.26 138
1.27 181
24.82 7
45.22 1
1.28 5287
1.29 111
24.84 10
24.85 6
45.24 1
24.86 3
24.88 10
55.84 1
55.85 1
55.86 1
14.31 1
14.32 89
14.33 4
14.34 32
14.35 109
14.36 204
14.37 1
14.38 116
1.31 25
1.32 10085
1.33 4689
1.34 221
1.35 367
24.91 1
1.36 611
80.08 1
1.37 78
